n2 = 0.1955078516658104
e2 = 0.17457395992594
k = 1001.2528835387923
