n2 = 0.9999999999927948
e2 = 0.9469693353747736
k = 14484.277536527565
