n1 = 0.7844485404243957
e1 = 0.5851467176143677
k = 1001.2528835387923
