n1 = 0.20259936876328286
e1 = 0.16945436485754548
k = 14484.277536527565
